-0.617823 -1.902181
1.679968 -1.085222
1.965474 -0.370014
1.991343 -0.185890
1.886053 -0.665436
1.963639 0.379633
-1.705680 -1.044345
0.031195 1.999757
1.090438 -1.676587
-1.805069 0.861234
1.232438 -1.575149
1.828812 -0.809597
-0.220133 -1.987849
-1.082963 -1.681425
-0.824822 1.821996
1.999312 0.052468
1.551877 1.261617
0.774112 -1.844112
-1.729029 1.005215
-0.678303 -1.881464
-0.870627 -1.800558
-1.990485 0.194855
0.957526 1.755888
-1.953896 0.426956
1.995203 0.138436
1.790988 -0.890147
-0.304182 1.976733
-1.934198 0.508802
0.308777 1.976020
0.808239 1.829413
-0.380473 1.963476
0.320860 1.974094
0.022533 1.999873
-1.985307 -0.241981
-1.886439 -0.664341
1.998585 0.075223
-1.147437 -1.638105
-0.144399 -1.994780
-1.418916 -1.409496
1.817802 -0.834024
1.989210 -0.207473
0.856329 -1.807402
1.834055 0.797647
-1.187144 1.609562
-1.912003 -0.586724
-0.113310 -1.996788
1.913723 -0.581090
-1.469254 -1.356943
-1.999396 -0.049164
1.095716 -1.673142
-1.338736 1.485862
1.439711 1.388248
1.988630 0.212962
-0.758226 -1.850701
-1.837153 0.790486
-0.182949 1.991615
1.999479 -0.045631
0.412247 1.957052
1.436416 -1.391657
0.360953 -1.967159
-0.523648 -1.930231
1.659672 1.116014
0.304350 -1.976707
0.739433 -1.858289
-0.970988 -1.748480
-0.026740 1.999821
-0.806774 -1.830059
1.261862 1.551678
1.647511 -1.133891
0.339142 1.971036
1.032440 -1.712912
1.805613 0.860093
-0.977010 1.745122
1.714525 -1.029760
-0.431718 -1.952849
-0.828562 1.820298
-0.745911 1.855698
-1.299462 1.520329
-1.990733 -0.192310
-1.997439 0.101173
-1.999881 -0.021833
1.926283 -0.537990
-1.997334 0.103235
-0.381366 1.963303
-0.535639 1.926938
-0.898219 -1.786953
1.714218 -1.030270
-0.530817 -1.928272
1.107024 -1.665683
-0.591110 -1.910652
-1.389179 -1.438813
1.299739 1.520091
-1.251866 1.559754
-1.917988 -0.566853
1.345427 1.479806
-0.220532 1.987804
1.582330 1.223206
-1.914759 0.577666
1.119210 -1.657519
1.996835 0.112469
2.216656 19.876781
-18.613818 -7.316131
-1.052111 19.972307
-6.979786 -18.742534
19.414105 -4.805469
16.796346 10.857383
4.237336 19.545971
1.597947 19.936062
3.724955 19.650056
-6.980066 -18.742430
-18.293845 -8.083022
6.019546 19.072626
-12.177353 15.865437
-15.867656 -12.174461
19.965789 1.169305
-16.286992 11.607493
-6.114668 -19.042343
19.976452 0.970238
17.709044 9.294609
-11.190749 -16.576102
5.098497 19.339217
-2.082944 -19.891238
11.887066 16.084081
-11.830354 16.125840
-3.232347 -19.737070
-9.146761 17.785858
-19.810286 -2.748193
-19.550328 4.217188
3.707120 19.653429
-19.919117 -1.796879
18.592792 7.369401
-0.152749 -19.999417
-8.349460 -18.173786
11.543125 16.332675
19.749506 -3.155475
-11.864304 16.100878
-4.760765 -19.425116
-16.557081 11.218872
9.490000 -17.605110
19.963253 -1.211828
2.275997 19.870074
17.672906 -9.363140
-18.598615 -7.354694
17.793912 -9.131083
12.087289 15.934159
-17.678292 9.352966
4.071956 19.581092
-7.249019 18.640057
-18.021673 -8.672906
-11.252549 -16.534211
-7.553733 -18.518669
6.098839 -19.047419
-13.153670 15.065888
19.177171 5.677686
8.967795 17.876763
-14.243272 14.040270
19.853648 2.415090
-4.811879 19.412517
-1.258304 -19.960378
-0.071784 19.999871
-13.758623 -14.515519
-5.937892 -19.098205
10.615245 16.950415
-0.843389 19.982209
2.950464 19.781172
15.287258 12.895726
-11.608324 -16.286400
18.383236 7.877603
8.351812 18.172706
12.234113 -15.821709
0.723247 19.986919
-19.627030 -3.844437
15.730077 12.351707
-19.759546 3.091983
-18.021184 8.673922
8.747449 17.985609
-0.348922 19.996956
-17.460589 9.753349
13.505506 14.751316
14.985356 -13.245343
-19.957521 1.302823
14.038618 14.244901
13.498201 -14.758000
19.052738 -6.082201
5.409097 -19.254653
-16.915707 10.670467
-5.084562 -19.342886
19.616292 3.898857
-19.848527 2.456819
-2.229558 19.875338
1.834352 -19.915701
6.296325 18.983053
18.447646 -7.725566
-15.194090 -13.005370
4.933914 19.381860
-19.886043 -2.131968
-19.719976 3.335049
4.550406 -19.475467
3.152213 19.750027
-8.982781 -17.869237
