3.689147 -9.294632
4.241205 -9.056058
0.475936 -9.988668
-5.523637 -8.336032
9.002203 -4.354348
1.361824 -9.906838
-0.164394 -9.998649
-7.642736 -6.448921
-3.450877 -9.385705
-9.263720 -3.766099
9.977326 -0.673021
8.835607 -4.683167
5.751509 -8.180474
3.715061 -9.284305
-9.959417 -0.900010
6.626784 -7.489041
3.729238 -9.278620
3.357946 -9.419352
-9.927638 -1.200838
2.137028 -9.768987
-6.908462 -7.230017
6.617331 -7.497395
8.459144 -5.333187
9.053882 -4.245848
4.833580 -8.754228
-8.591998 -5.116402
9.751533 -2.215312
2.696542 -9.629572
-9.875380 -1.573807
9.834491 -1.811844
-0.078084 -9.999695
-0.746395 -9.972106
-1.248955 -9.921699
-5.346663 -8.450633
9.972931 -0.735289
9.972788 -0.737223
-8.951202 -4.458248
-6.378195 -7.701859
-0.226114 -9.997443
-7.768147 -6.297293
-3.948716 -9.187363
-8.577421 -5.140803
8.400324 -5.425362
-9.980612 -0.622401
-2.226359 -9.749017
-8.561687 -5.166964
2.709854 -9.625835
5.290208 -8.486088
5.678370 -8.231410
-9.937304 -1.118032
-8.330056 -5.532646
2.694152 -9.630241
9.174372 -3.978807
-9.775666 -2.106265
-2.029317 -9.791929
7.891413 -6.142117
-6.881377 -7.255801
2.819530 -9.594282
-0.369058 -9.993187
4.132671 -9.106099
-9.119964 -4.101982
-9.953467 -0.963582
-0.708499 -9.974870
-9.847944 -1.737239
9.644829 -2.641455
-4.832385 -8.754887
7.853870 -6.190050
9.774769 -2.110427
9.915421 -1.297854
-3.680431 -9.298087
-8.592145 -5.116155
7.230134 -6.908341
-8.132839 -5.818671
-8.606600 -5.091800
6.884959 -7.252402
6.342922 -7.730934
-9.997320 -0.231491
4.071609 -9.133564
3.666554 -9.303568
-3.228344 -9.464555
9.666362 -2.561531
9.816461 -1.907117
-3.765465 -9.263977
8.701215 -4.928372
9.303713 -3.666188
-6.094690 -7.928099
-9.921111 -1.253615
-8.899694 -4.560202
-9.917422 -1.282478
-7.071602 -7.070534
-4.948642 -8.689703
4.477190 -8.941743
-8.222622 -5.691088
-4.162140 -9.092667
-1.251336 -9.921399
0.736916 -9.972811
-9.842775 -1.766288
9.984342 -0.559382
-6.447164 -7.644219
5.139405 -8.578258
-9.973777 -0.723718
-9.986963 -0.510456
9.999999 -0.004568
-8.627341 -5.056579
3.005554 -9.537644
-4.752163 -8.798690
6.858514 -7.277416
6.144586 -7.889491
9.914842 -1.302272
-8.968140 -4.424077
-9.999654 -0.083177
-3.583204 -9.335987
-9.692143 -2.462188
-6.295998 -7.769196
9.983094 -0.581240
7.993927 -6.008089
8.099311 -5.865251
-9.618789 -2.734759
1.028729 -9.946945
9.503155 -3.112884
5.282630 -8.490808
-2.949036 -9.555270
-1.872170 -9.823186
-4.585488 -8.886692
-3.565807 -9.342645
-5.295205 -8.482971
-9.039945 -4.275441
2.373482 -9.714246
-8.489134 -5.285319
-9.466798 -3.221759
-3.014406 -9.534850
2.212465 -9.752179
-5.314348 -8.470992
2.270168 -9.738908
1.057502 -9.943927
9.916548 -1.289218
-9.301542 -3.671692
0.478631 -9.988539
2.834204 -9.589958
-7.434230 -6.688216
-6.380921 -7.699600
-3.428125 -9.394038
-4.490923 -8.934854
-8.430077 -5.379016
7.615318 -6.481275
-7.635507 -6.457478
-5.677848 -8.231770
9.999159 -0.129723
-5.528202 -8.333006
-7.339219 -6.792339
-8.299419 -5.578498
-7.250272 -6.887202
-6.375288 -7.704265
9.863285 -1.647911
3.636293 -9.315437
3.693484 -9.292910
3.013933 -9.534999
-5.105077 -8.598732
-0.535362 -9.985659
2.574427 -9.662936
-7.865594 -6.175146
9.139015 -4.059360
-1.568213 -9.876270
9.528849 -3.033321
9.901364 -1.401069
7.171773 -6.968907
5.157627 -8.567315
-3.706105 -9.287884
-9.858615 -1.675623
-9.955137 -0.946175
3.321100 -9.432406
3.379525 -9.411632
2.719544 -9.623101
-9.864746 -1.639143
-9.603407 -2.788293
2.517392 -9.677951
-1.560583 -9.877478
4.618312 -8.869678
6.142164 -7.891376
7.205344 -6.934192
-8.670269 -4.982613
-1.982354 -9.801545
9.654598 -2.605521
-1.356672 -9.907545
6.552222 -7.554362
-2.101125 -9.776772
-8.069855 -5.905712
8.690918 -4.946509
9.076351 -4.197602
-9.746983 -2.235243
2.759734 -9.611653
4.717560 -8.817292
8.371281 -5.470069
5.830260 -8.124535
-6.348962 -7.725975
5.541876 -8.323918
-3.794152 -9.252265
3.527790 -9.357067
8.968533 -4.423282
-3.613415 -9.324335
-4.313851 1.640354
-4.964368 -1.156578
10.186799 6.549685
-1.741835 5.385639
13.385374 3.448440
-4.699255 0.434020
12.889806 4.144181
7.609769 7.653450
14.880499 -0.458657
1.727362 7.449330
8.882601 7.215498
14.998624 -1.834113
13.807531 2.735756
13.518983 3.237073
-3.859465 2.637874
10.112379 6.594392
-0.501780 6.350474
10.580818 6.297859
13.412341 3.406711
-1.246627 5.808947
-2.493206 4.622074
-4.402517 1.404803
1.172942 7.238703
-4.261581 1.771355
9.579096 6.889988
0.325397 6.840141
-3.888790 2.581419
13.577772 3.140217
7.093398 7.778430
14.650474 0.620754
7.806972 7.597964
-0.577385 6.300167
12.500952 4.613298
-3.835890 2.682633
2.506928 7.684245
7.346946 7.720692
14.995832 -1.711302
6.582391 7.874008
14.710669 0.388077
2.948818 7.787372
4.374936 7.980446
5.200877 7.997982
10.112915 6.594074
6.056194 7.944066
-4.915609 -0.703583
-2.477240 4.640097
4.655723 7.994072
10.783562 6.157844
5.865878 7.962442
1.301670 7.290982
6.017213 7.948129
0.179360 6.761360
12.257087 4.880021
2.956446 7.788968
14.978925 -1.351117
1.895355 7.505850
11.154799 5.881526
4.287439 7.974581
4.427490 7.983598
-2.571641 4.532247
14.968495 -1.206833
-4.814676 -0.083716
-2.078529 5.063598
10.555738 6.314672
-4.462270 1.235035
14.609976 0.765565
13.044452 3.940268
-0.854034 6.107421
9.840305 6.750511
13.160512 3.779797
12.284198 4.851310
-4.796912 0.005121
-4.870846 -0.398003
6.645657 7.863661
6.340473 7.909749
-4.991133 -1.578969
-4.932271 -0.838112
3.207453 7.838027
13.098148 3.866856
12.329636 4.802678
2.059536 7.557912
-2.596125 4.503759
11.459084 5.634149
-0.892315 6.079642
-0.070547 6.619139
6.342436 7.909484
11.915206 5.223567
13.210831 3.708087
1.346057 7.308528
6.642888 7.864123
14.677472 0.519232
0.379878 6.868736
-2.638349 4.454116
14.493295 1.142824
13.494078 3.277370
11.840879 5.293996
11.206871 5.840584
13.961097 2.438327
-2.770346 4.294579
7.860980 7.582004
-4.986534 -1.481205
-0.796712 6.148505
6.568579 7.876212
13.298608 3.579705
14.069693 2.211967
9.880780 6.728000
3.729958 7.919022
0.089728 6.711442
-4.583274 0.856720
-4.880154 -0.456448
-4.660044 0.585257
11.222711 5.828018
-2.041086 5.100923
-3.490988 3.282341
-1.900469 5.237646
14.999377 -1.888379
1.828494 7.483752
12.171984 4.968691
-2.235421 4.902802
-0.325875 6.463750
12.824895 4.226637
-4.902120 -0.604283
10.907817 6.068315
-4.865256 -0.363932
13.139316 3.809607
1.038433 7.181829
-4.098009 2.150449
14.958721 -1.092320
-0.493293 6.356059
6.145025 7.934230
-3.961633 2.437244
11.137208 5.895232
-1.370670 5.708084
-4.968987 -1.213039
14.791846 0.029719
-4.258505 1.778899
2.022890 7.546561
7.567508 7.664776
-3.057505 3.922551
13.663013 2.995218
-3.786145 2.775317
14.509117 1.094623
-4.793273 0.022822
13.131987 3.819862
-1.759849 5.369155
11.802761 5.329559
-3.116025 3.842100
-1.628134 5.487846
4.157989 7.964488
-4.613316 0.753935
8.773564 7.260681
-1.966985 5.173640
14.566196 0.913398
14.581140 0.863872
-3.056412 3.924038
7.533734 7.673686
14.038210 2.279107
-4.987993 -1.510108
-4.825920 -0.142235
10.685786 6.226290
1.450761 7.348952
-4.712810 0.379355
-2.499016 4.615493
4.391295 7.981457
1.164300 7.235118
-2.244152 4.893640
-3.555452 3.177281
4.374830 7.980439
2.184649 7.595509
-4.662598 0.575693
12.077194 5.064937
-1.935974 5.203629
-2.052467 5.089620
-4.995736 -1.707998
-4.348094 1.551498
-1.051165 5.961369
5.643111 7.979299
6.375787 7.904908
11.730988 5.395526
5.284889 7.995941
14.996123 -1.721556
-4.554235 0.952389
1.307682 7.293373
8.090474 7.510466
11.162951 5.875153
2.577628 7.702171
0.089296 6.711199
-1.322429 5.747702
-4.766004 0.150620
14.900801 -0.594958
5.174213 7.998482
-4.259806 1.775710
2.985541 7.794996
12.627184 4.467307
5.378037 7.992852
-4.509748 1.092684
12.998536 4.001952
14.999675 -1.919412
4.934167 7.999783
14.442290 1.292897
