10.841693 10.496300
10.193450 10.546082
10.884782 10.208646
10.972484 10.841768
10.041969 10.428409
10.108785 10.522573
10.807777 10.865970
10.470130 10.403566
10.930900 10.020345
10.710503 10.125506
10.186823 10.817277
10.590531 10.422724
10.982324 10.123809
10.898806 10.770114
10.121601 10.517778
10.905982 10.320945
10.295443 10.899220
10.561098 10.792320
10.977380 10.314784
10.721732 10.764883
1.509650 1.322935
1.903776 1.770670
1.961859 1.432502
1.124266 1.026585
1.540810 1.205159
1.741535 1.929827
1.581954 1.673101
1.743537 1.840555
1.099105 1.251371
1.604499 1.315820
1.164442 1.216263
1.042497 1.119321
1.322365 1.031080
1.898701 1.526275
1.831897 1.258717
1.700871 1.773198
1.662061 1.067694
1.077073 1.810126
1.274465 1.788841
1.457120 1.900646
