-10.553870 -16.787076
-24.383269 -32.856935
-27.962770 -38.209911
-28.956883 -39.550290
30.738409 36.227718
-9.894684 -16.031298
10.427825 11.585186
-4.748665 -8.869144
0.934408 1.378764
11.827204 17.183812
22.916876 28.542280
15.545062 20.540875
-0.014983 0.025473
-8.988364 -3.705700
-16.654955 -14.983846
-2.816560 2.265217
-21.831992 -32.532888
28.353246 39.880487
-19.049706 -29.998742
13.517729 12.746770
17.969352 24.189570
13.214838 13.982981
12.541338 16.605010
-5.837185 0.579559
-5.181685 -2.402466
0.530475 0.787952
-7.258205 -6.323955
6.089252 6.824839
11.702634 10.082116
-12.851334 -17.450730
-24.892448 -34.892621
2.343942 3.722613
0.485891 0.157323
5.241317 8.617781
27.877540 39.076240
24.630804 31.083113
-29.311016 -39.590845
0.567781 3.707109
6.687279 6.137458
9.768339 6.642129
0.096011 0.094942
31.070523 38.777579
1.683536 2.639068
-12.666459 -16.437523
15.577884 23.074818
-1.695654 -1.419842
32.000449 45.301607
13.109588 12.231358
9.633503 12.792558
12.112202 12.232475
7.137037 8.476226
19.520091 26.512709
28.542410 34.617838
-2.549038 0.875508
10.516054 15.916364
-10.448504 -11.946650
-17.173774 -27.722536
0.646135 1.497392
-5.005150 -5.323189
-14.052088 -19.975570
19.109788 18.118444
-15.703702 -21.391817
10.804096 13.270839
-11.327647 -21.352066
-23.043892 -34.705617
-12.124836 -18.851779
-1.249955 -1.250660
19.477763 32.361779
1.529789 4.016569
7.583621 12.183711
-10.292990 -14.357030
5.036534 12.027154
-11.719770 -12.961732
1.884597 3.472315
-9.434412 -8.438885
9.436513 12.388087
-2.500980 -2.303701
0.413258 0.198816
15.217220 15.878180
-15.367816 -18.733636
12.156818 14.227135
6.565072 1.786126
-11.648855 -23.144928
0.029198 -1.293158
26.468973 36.593320
0.437198 -3.884264
27.289574 38.355086
-2.608360 -6.577398
-24.210865 -28.018711
-5.559522 -11.316139
7.387566 8.788361
-0.643214 -3.233383
17.730628 19.788802
-16.960059 -26.492826
-20.953378 -31.046304
1.184573 4.446777
18.138300 17.754827
-24.132878 -39.613900
2.341414 -1.721337
-11.704428 -9.494758
-20.198863 13.136256
-16.514180 12.753010
-24.091898 4.455512
-29.181407 0.700577
-15.406795 15.839432
-16.945816 10.498578
-20.605471 12.560634
-3.238828 37.130747
-18.557402 12.265264
-11.550907 23.534828
-15.325251 24.937613
-19.206144 12.482194
-31.760787 -8.363150
-9.727964 27.281767
-51.963802 -36.917832
-6.665733 35.819748
-2.624920 34.258909
2.009570 34.952917
0.555386 34.283333
-33.324782 -6.882733
-29.342610 1.712759
-34.476497 -9.546364
-15.618694 15.528032
-6.135789 31.483985
-18.332866 12.227259
-28.858557 -0.688537
-9.410893 20.454539
-8.091330 18.890534
-16.892696 11.340061
-21.664224 8.117870
-14.172582 9.790208
-29.215942 -3.766634
-45.126679 -28.572108
-21.324471 9.722008
7.963603 41.147202
-19.138168 15.073254
-1.333937 31.303485
-20.834309 7.670908
-28.688683 7.136555
-7.680107 17.513344
-48.838242 -24.666296
-46.089681 -30.787787
-19.362378 5.784061
-32.862739 -8.261335
-11.942263 23.017034
-43.351242 -22.345639
-18.448999 18.117858
-9.978389 24.412995
-11.163749 19.334137
-14.713880 13.268825
-20.280879 8.084111
-25.552293 1.995313
-38.537165 -18.476676
-51.561031 -27.712665
-26.905697 1.202214
-0.157022 37.654103
-19.026774 20.562021
-24.752530 0.589974
7.478546 49.624399
-38.487764 -13.743093
-0.960353 29.048041
-24.340674 5.935915
-25.723248 6.931150
-20.741220 16.476934
-33.882322 0.671793
-33.544227 -9.709380
-20.764008 8.668275
3.246532 37.383315
-22.469161 7.066430
-20.878698 12.465050
1.991571 42.840002
-11.725193 21.047379
-28.627181 1.308550
-50.462395 -27.877434
-10.041388 20.146336
-21.384203 4.761141
-12.259469 19.884303
-27.824895 -0.812564
-7.277012 35.068594
-19.980772 9.980954
-15.690093 10.897596
-19.672047 3.907735
-9.652488 15.826430
-13.458230 13.393647
-32.308988 -3.768615
4.934462 38.126935
-19.673751 3.189362
-19.578494 20.359044
-10.562294 29.354790
-26.624507 -0.356885
-44.034212 -21.114551
-47.326483 -21.607312
-7.295125 26.800040
-13.903612 10.856234
-25.396421 3.065852
-10.383397 31.273949
-22.158218 7.507804
11.107759 55.369028
-22.608732 6.235187
-16.941916 14.454392
