0.000000 -0.100000 
0.000000 -0.100000 
0.000000 -0.100000 
0.000000 -0.100000 
0.000000 -0.100000 
0.000000 -0.100000 
0.000000 -0.100000 
0.000000 -0.100000 
0.000000 -0.100000 
0.000000 -0.100000 
0.000000 -0.100000 
0.000000 -0.100000 
0.000000 -0.100000 
0.000000 -0.100000 
0.000000 -0.100000 
0.000000 -0.100000 
0.000000 -0.100000 
0.000000 -0.100000 
0.000000 -0.100000 
0.000000 -0.100000 
0.000000 -0.100000 
0.000000 -0.100000 
0.000000 -0.100000 
0.000000 -0.100000 
0.000000 -0.100000 
0.000000 -0.100000 
0.000000 -0.100000 
0.000000 -0.100000 
0.000000 -0.100000 
0.000000 -0.100000 
0.000000 -0.100000 
0.000000 -0.100000 
0.000000 -0.100000 
0.000000 -0.100000 
0.000000 -0.100000 
0.000000 -0.100000 
0.000000 -0.100000 
0.000000 -0.100000 
0.000000 -0.100000 
0.000000 -0.100000 
0.000000 -0.100000 
0.000000 -0.100000 
0.000000 -0.100000 
0.000000 -0.100000 
0.000000 -0.100000 
0.000000 -0.100000 
0.000000 -0.100000 
0.000000 -0.100000 
0.000000 -0.100000 
0.000000 -0.100000 
0.000000 -0.100000 
0.000000 -0.100000 
0.000000 -0.100000 
0.000000 -0.100000 
0.000000 -0.100000 
0.000000 -0.100000 
0.000000 -0.100000 
0.000000 -0.100000 
0.000000 -0.100000 
0.000000 -0.100000 
0.000000 -0.100000 
0.000000 -0.100000 
0.000000 -0.100000 
0.000000 -0.100000 
0.000000 -0.100000 
0.000000 -0.100000 
0.000000 -0.100000 
0.000000 -0.100000 
0.000000 -0.100000 
0.000000 -0.100000 
0.000000 -0.100000 
0.000000 -0.100000 
0.000000 -0.100000 
0.000000 -0.100000 
0.000000 -0.100000 
0.000000 -0.100000 
0.000000 -0.100000 
0.000000 -0.100000 
0.000000 -0.100000 
0.000000 -0.100000 
0.000000 -0.100000 
0.000000 -0.100000 
0.000000 -0.100000 
0.000000 -0.100000 
0.000000 -0.100000 
0.000000 -0.100000 
0.000000 -0.100000 
0.000000 -0.100000 
0.000000 -0.100000 
0.000000 -0.100000 
0.000000 -0.100000 
0.000000 -0.100000 
0.000000 -0.100000 
0.000000 -0.100000 
0.000000 -0.100000 
0.000000 -0.100000 
0.000000 -0.100000 
0.000000 -0.100000 
0.000000 -0.100000 
0.000000 -0.100000 
0.007229 0.000000 
0.007229 0.000000 
0.000017 0.000000 
0.000017 0.000000 
0.007229 0.000000 
0.007229 0.000000 
0.007229 0.000000 
0.176675 0.000000 
0.007229 0.000000 
0.176675 0.000000 
0.176675 0.000000 
0.007229 0.000000 
0.000017 0.000000 
0.176675 0.000000 
0.000017 0.000000 
0.176675 0.000000 
0.176675 0.000000 
0.176675 0.000000 
0.176675 0.000000 
0.000017 0.000000 
0.000017 0.000000 
0.000017 0.000000 
0.007229 0.000000 
0.176675 0.000000 
0.007229 0.000000 
0.000017 0.000000 
0.176675 0.000000 
0.176675 0.000000 
0.007229 0.000000 
0.000017 0.000000 
0.007229 0.000000 
0.000017 0.000000 
0.000017 0.000000 
0.000017 0.000000 
0.176675 0.000000 
0.007229 0.000000 
0.176675 0.000000 
0.000017 0.000000 
0.000017 0.000000 
0.176675 0.000000 
0.000017 0.000000 
0.000017 0.000000 
0.000017 0.000000 
0.000017 0.000000 
0.176675 0.000000 
0.000017 0.000000 
0.007229 0.000000 
0.176675 0.000000 
0.176675 0.000000 
0.007229 0.000000 
0.000017 0.000000 
0.000017 0.000000 
0.000017 0.000000 
0.000017 0.000000 
0.000017 0.000000 
0.176675 0.000000 
0.007229 0.000000 
0.000017 0.000000 
0.176675 0.000000 
0.000017 0.000000 
0.176675 0.000000 
0.000017 0.000000 
0.000017 0.000000 
0.007229 0.000000 
0.000017 0.000000 
0.000017 0.000000 
0.000017 0.000000 
0.176675 0.000000 
0.000017 0.000000 
0.007229 0.000000 
0.176675 0.000000 
0.176675 0.000000 
0.000017 0.000000 
0.000017 0.000000 
0.176675 0.000000 
0.000017 0.000000 
0.176675 0.000000 
0.000017 0.000000 
0.176675 0.000000 
0.000017 0.000000 
0.007229 0.000000 
0.000017 0.000000 
0.176675 0.000000 
0.007229 0.000000 
0.000017 0.000000 
0.176675 0.000000 
0.000017 0.000000 
0.007229 0.000000 
0.176675 0.000000 
0.000017 0.000000 
0.000017 0.000000 
0.000017 0.000000 
0.176675 0.000000 
0.007229 0.000000 
0.000017 0.000000 
0.176675 0.000000 
0.000017 0.000000 
0.176675 0.000000 
0.000017 0.000000 
0.007229 0.000000 
