-0.109764 0.000000 
-0.109764 0.000000 
-0.109764 0.000000 
-0.109764 0.000000 
-0.109764 0.000000 
-0.109764 0.000000 
-0.109764 0.000000 
0.000565 0.000000 
-0.109764 0.000000 
-0.109764 0.000000 
-0.109764 0.000000 
-0.109764 0.000000 
-0.109764 0.000000 
-0.109764 0.000000 
0.000565 0.000000 
-0.109764 0.000000 
-0.109764 0.000000 
-0.109764 0.000000 
-0.109764 0.000000 
-0.109764 0.000000 
-0.109764 0.000000 
-0.109764 0.000000 
-0.109764 0.000000 
-0.109764 0.000000 
-0.109764 0.000000 
-0.109764 0.000000 
0.000565 0.000000 
-0.109764 0.000000 
-0.109764 0.000000 
-0.109764 0.000000 
0.000565 0.000000 
-0.109764 0.000000 
0.000565 0.000000 
-0.109764 0.000000 
-0.109764 0.000000 
-0.109764 0.000000 
-0.109764 0.000000 
-0.109764 0.000000 
-0.109764 0.000000 
-0.109764 0.000000 
-0.109764 0.000000 
-0.109764 0.000000 
-0.109764 0.000000 
0.000565 0.000000 
-0.109764 0.000000 
-0.109764 0.000000 
-0.109764 0.000000 
-0.109764 0.000000 
-0.109764 0.000000 
-0.109764 0.000000 
0.000565 0.000000 
-0.109764 0.000000 
-0.109764 0.000000 
-0.109764 0.000000 
-0.109764 0.000000 
0.000565 0.000000 
-0.109764 0.000000 
-0.109764 0.000000 
-0.109764 0.000000 
-0.109764 0.000000 
-0.109764 0.000000 
-0.109764 0.000000 
-0.109764 0.000000 
-0.109764 0.000000 
-0.109764 0.000000 
0.000565 0.000000 
-0.109764 0.000000 
-0.109764 0.000000 
-0.109764 0.000000 
-0.109764 0.000000 
-0.109764 0.000000 
-0.109764 0.000000 
0.000565 0.000000 
-0.109764 0.000000 
-0.109764 0.000000 
0.000565 0.000000 
0.000565 0.000000 
0.000565 0.000000 
-0.109764 0.000000 
-0.109764 0.000000 
-0.109764 0.000000 
-0.109764 0.000000 
-0.109764 0.000000 
0.000565 0.000000 
0.000565 0.000000 
-0.109764 0.000000 
-0.109764 0.000000 
-0.109764 0.000000 
-0.109764 0.000000 
-0.109764 0.000000 
-0.109764 0.000000 
-0.109764 0.000000 
0.000565 0.000000 
-0.109764 0.000000 
-0.109764 0.000000 
0.000565 0.000000 
-0.109764 0.000000 
-0.109764 0.000000 
-0.109764 0.000000 
-0.109764 0.000000 
0.000000 -0.003917 
0.000000 -0.003917 
0.000000 -0.003917 
0.000000 -0.003917 
0.000000 -0.003917 
0.000000 -0.003917 
0.000000 -0.003917 
0.000000 -0.003917 
0.000000 -0.003917 
0.000000 -0.003917 
0.000000 -0.003917 
0.000000 -0.003917 
0.000000 -0.003917 
0.000000 -0.003917 
0.000000 -0.003917 
0.000000 -0.075803 
0.000000 -0.003917 
0.000000 -0.003917 
0.000000 -0.003917 
0.000000 -0.003917 
0.000000 -0.003917 
0.000000 -0.003917 
0.000000 -0.003917 
0.000000 -0.003917 
0.000000 -0.003917 
0.000000 -0.003917 
0.000000 -0.489345 
0.000000 0.035735 
0.000000 -0.003917 
0.000000 -0.489345 
0.000000 -0.003917 
0.000000 -0.003917 
0.000000 -0.003917 
0.000000 -0.003917 
0.000000 -0.003917 
0.000000 -0.003917 
0.000000 -0.003917 
0.000000 -0.075803 
0.000000 -0.003917 
0.000000 -0.003917 
0.000000 -0.003917 
0.000000 -0.003917 
0.000000 -0.003917 
0.000000 -0.003917 
0.000000 -0.003917 
0.000000 -0.075803 
0.000000 -0.003917 
0.000000 -0.003917 
0.000000 -0.003917 
0.000000 -0.003917 
0.000000 -0.003917 
0.000000 -0.003917 
0.000000 -0.003917 
0.000000 -0.003917 
0.000000 -0.003917 
0.000000 -0.003917 
0.000000 -0.003917 
0.000000 -0.003917 
0.000000 -0.003917 
0.000000 -0.003917 
0.000000 -0.003917 
0.000000 -0.003917 
0.000000 -0.003917 
0.000000 -0.003917 
0.000000 -0.003917 
0.000000 -0.003917 
0.000000 -0.003917 
0.000000 -0.003917 
0.000000 -0.003917 
0.000000 -0.003917 
0.000000 -0.003917 
0.000000 -0.489345 
0.000000 -0.003917 
0.000000 0.035735 
0.000000 -0.075803 
0.000000 -0.003917 
0.000000 -0.003917 
0.000000 -0.075803 
0.000000 -0.003917 
0.000000 -0.003917 
0.000000 0.035735 
0.000000 -0.003917 
0.000000 -0.003917 
0.000000 -0.003917 
0.000000 -0.003917 
0.000000 -0.075803 
0.000000 -0.003917 
0.000000 -0.003917 
0.000000 0.035735 
0.000000 -0.003917 
0.000000 -0.003917 
0.000000 -0.003917 
0.000000 -0.003917 
0.000000 -0.003917 
0.000000 -0.003917 
0.000000 -0.489345 
0.000000 0.035735 
0.000000 -0.003917 
0.000000 -0.003917 
0.000000 -0.003917 
