0.000000 -0.223607 0.169382 
0.000000 -0.223607 -0.320567 
0.000000 -0.223607 0.211043 
0.000000 -0.223607 0.122069 
0.000000 -0.223607 -0.327446 
0.000000 -0.223607 -0.320567 
0.000000 -0.223607 0.122069 
0.000000 -0.223607 -0.191772 
0.000000 -0.223607 0.238892 
0.000000 -0.223607 0.149782 
0.000000 -0.223607 -0.290236 
0.000000 -0.223607 0.102069 
0.000000 -0.223607 0.238892 
0.000000 -0.223607 0.122069 
0.000000 -0.223607 -0.320567 
0.000000 -0.223607 0.211043 
0.000000 -0.223607 -0.283357 
0.000000 -0.223607 0.002614 
0.000000 -0.223607 0.242516 
0.000000 -0.223607 0.122069 
0.223607 0.000000 0.000000 
0.223607 0.000000 0.000000 
0.223607 0.000000 0.000000 
0.223607 0.000000 0.000000 
0.223607 0.000000 0.000000 
0.223607 0.000000 0.000000 
0.223607 0.000000 0.000000 
0.223607 0.000000 0.000000 
0.223607 0.000000 0.000000 
0.223607 0.000000 0.000000 
0.223607 0.000000 0.000000 
0.223607 0.000000 0.000000 
0.223607 0.000000 0.000000 
0.223607 0.000000 0.000000 
0.223607 0.000000 0.000000 
0.223607 0.000000 0.000000 
0.223607 0.000000 0.000000 
0.223607 0.000000 0.000000 
0.223607 0.000000 0.000000 
0.223607 0.000000 0.000000 
